2.684108984999999947e+00
2.479646985000000026e+00
2.677970745000000097e+00
2.561975310000000228e+00
2.653395285000000214e+00
2.541494999999999838e+00
2.414864999999999817e+00
2.533132544999999958e+00
2.535917340000000131e+00
2.488379999999999814e+00
2.758680000000000021e+00
2.402235000000000120e+00
2.544577739999999810e+00
2.328258929999999616e+00
2.390894999999999992e+00
2.341755000000000031e+00
2.693383934999999951e+00
2.439599999999999991e+00
2.616194235000000035e+00
2.487436755000000055e+00
2.864190209999999848e+00
2.364779999999999660e+00
2.696198220000000312e+00
2.477364750000000004e+00
2.505193890000000145e+00
2.475060000000000038e+00
2.522639999999999993e+00
2.828045924999999627e+00
2.491964564999999965e+00
2.873504340000000212e+00
2.576879984999999706e+00
2.460965400000000081e+00
2.805533114999999800e+00
2.559060749999999995e+00
2.770088609999999729e+00
2.732520000000000060e+00
2.535641894999999923e+00
2.503898790000000041e+00
2.532151784999999933e+00
2.551895489999999711e+00
2.375955000000000261e+00
2.547108750000000033e+00
2.559584295000000065e+00
2.535329909999999742e+00
2.378928420000000266e+00
2.811644999999999950e+00
2.500140000000000029e+00
2.508033839999999959e+00
2.353561694999999787e+00
2.400320520000000180e+00
2.240486220000000195e+00
2.750759999999999650e+00
2.614867799999999853e+00
2.592840809999999774e+00
2.586585000000000356e+00
2.386155000000000026e+00
2.460135000000000183e+00
2.420402069999999739e+00
2.133055184999999909e+00
2.371312650000000133e+00
2.363504999999999967e+00
2.514314999999999856e+00
2.812611239999999846e+00
2.469151799999999675e+00
2.214513000000000176e+00
2.526330540000000013e+00
2.829211964999999829e+00
2.417100000000000026e+00
2.615950769999999981e+00
2.494724999999999859e+00
2.453471849999999677e+00
2.491979999999999862e+00
2.482541219999999882e+00
2.530905000000000182e+00
2.677964999999999929e+00
2.613447944999999883e+00
2.544033240000000085e+00
2.729849999999999888e+00
2.603895000000000071e+00
2.483477654999999729e+00
2.663065304999999938e+00
2.758574999999999999e+00
2.703180600000000045e+00
2.426063595000000017e+00
2.569586010000000087e+00
2.445149504999999834e+00
2.441573309999999886e+00
2.368433879999999991e+00
2.702215365000000258e+00
2.575830975000000134e+00
2.354114355000000103e+00
2.775853125000000254e+00
2.583060000000000134e+00
2.498874690000000065e+00
2.513304750000000087e+00
2.605230000000000157e+00
2.498474235000000210e+00
2.776094999999999757e+00
2.543759999999999799e+00
2.532381074999999981e+00
2.744599635000000148e+00
2.662832219999999861e+00
2.339204999999999757e+00
2.611464105000000036e+00
2.519175165000000050e+00
2.458200000000000163e+00
2.818710585000000268e+00
2.531419080000000044e+00
2.537238930000000003e+00
2.478960000000000274e+00
2.675745000000000040e+00
2.322143054999999734e+00
2.229226080000000110e+00
2.608886325000000284e+00
2.260425000000000129e+00
2.400032024999999791e+00
2.470396425000000118e+00
2.554654020000000081e+00
2.486792535000000193e+00
2.673756195000000169e+00
2.193907815000000205e+00
2.522100000000000009e+00
2.450760525000000190e+00
2.492001839999999913e+00
2.694498944999999868e+00
2.315714999999999968e+00
2.742238544999999750e+00
2.466923099999999813e+00
2.695815344999999752e+00
2.605844999999999967e+00
2.547089999999999854e+00
2.421142020000000006e+00
2.307335445000000096e+00
2.761530000000000040e+00
2.370963914999999922e+00
2.518511715000000262e+00
2.300281829999999861e+00
2.350508865000000114e+00
2.579384999999999817e+00
2.484764999999999890e+00
2.719244999999999912e+00
2.502225000000000144e+00
2.476424999999999876e+00
2.175850500000000132e+00
2.481085994999999933e+00
2.885909999999999975e+00
2.523897134999999903e+00
2.531677214999999759e+00
2.687384999999999913e+00
2.520659399999999994e+00
2.409671819999999798e+00
2.502134999999999998e+00
2.681895464999999756e+00
2.450924999999999798e+00
2.584414380000000122e+00
2.642988705000000049e+00
2.494313894999999892e+00
2.507272440000000380e+00
2.454709935000000343e+00
2.670884999999999732e+00
2.530022250000000028e+00
2.652805680000000166e+00
2.585789999999999811e+00
2.673224999999999962e+00
2.667478409999999744e+00
2.746529999999999916e+00
2.180848169999999975e+00
2.443980000000000263e+00
2.488664130000000085e+00
2.806479825000000261e+00
2.729218139999999959e+00
2.475764999999999993e+00
2.314691175000000101e+00
2.267769375000000309e+00
2.854161014999999857e+00
2.640239999999999920e+00
2.537970000000000059e+00
2.273101035000000270e+00
2.572116719999999912e+00
2.321601315000000110e+00
2.422494719999999990e+00
2.523076440000000087e+00
2.240571929999999767e+00
2.777076899999999959e+00
2.433632354999999858e+00
2.196423989999999993e+00
2.506061250000000129e+00
2.595884999999999998e+00
2.531530814999999990e+00
2.471584050000000143e+00
2.495249999999999968e+00
2.423729999999999940e+00
2.279221500000000233e+00
2.702640000000000153e+00
2.407604655000000093e+00
2.475450000000000372e+00
2.448855000000000004e+00
2.900703884999999982e+00
2.628074999999999939e+00
2.558339999999999836e+00
2.447101035000000202e+00
2.316437535000000381e+00
2.272477995000000028e+00
2.513069999999999915e+00
2.595941970000000154e+00
2.713327650000000091e+00
2.568257340000000166e+00
2.179394519999999780e+00
2.635657890000000059e+00
2.724715994999999946e+00
2.566652565000000052e+00
2.401941690000000129e+00
2.548326870000000355e+00
2.595498945000000113e+00
2.375445000000000029e+00
2.445582030000000184e+00
2.559480000000000199e+00
2.604799004999999834e+00
2.374280324999999969e+00
2.595869490000000113e+00
2.571206805000000095e+00
2.471610000000000085e+00
2.704075439999999997e+00
2.732384999999999842e+00
2.605064999999999742e+00
2.389994999999999870e+00
2.511004470000000044e+00
2.543895554999999753e+00
2.309864999999999835e+00
2.486965589999999615e+00
2.584424999999999972e+00
2.563076940000000192e+00
2.811903720000000106e+00
2.560788569999999709e+00
2.609774999999999956e+00
2.782012694999999702e+00
2.661773595000000103e+00
2.407521674999999917e+00
2.520540000000000003e+00
2.594504999999999839e+00
2.370188955000000153e+00
2.689521044999999777e+00
2.527395000000000280e+00
2.689089419999999730e+00
2.360384999999999955e+00
2.886540990000000306e+00
2.700104249999999873e+00
2.578724999999999934e+00
2.668718414999999844e+00
2.699835000000000207e+00
2.679870569999999841e+00
2.397990000000000066e+00
2.783294069999999731e+00
2.881124999999999936e+00
2.631930000000000103e+00
2.735898165000000049e+00
2.422584764999999862e+00
2.550869999999999749e+00
2.585655000000000037e+00
2.410484999999999989e+00
2.721752460000000262e+00
2.391258090000000003e+00
2.623497180000000206e+00
2.516098709999999627e+00
2.708851619999999905e+00
2.724180480000000237e+00
2.237143499999999730e+00
2.506023644999999966e+00
2.363161230000000224e+00
2.614170000000000105e+00
2.491337280000000209e+00
2.455319999999999947e+00
2.654439720000000058e+00
2.479921469999999850e+00
2.617618994999999948e+00
2.582549999999999901e+00
2.747654999999999959e+00
2.731984950000000190e+00
2.612131649999999805e+00
2.552155274999999612e+00
2.745344999999999924e+00
2.608304999999999652e+00
2.562375705000000004e+00
2.504669999999999952e+00
2.519417250000000053e+00
2.648502660000000120e+00
2.476221899999999643e+00
2.713586594999999768e+00
2.436300000000000132e+00
2.329976864999999897e+00
2.566224269999999752e+00
2.573943855000000003e+00
2.616100304999999793e+00
2.437421280000000134e+00
2.582603699999999947e+00
2.692395945000000346e+00
2.727260519999999744e+00
2.542514999999999858e+00
2.288329094999999924e+00
2.558715870000000336e+00
2.599084634999999643e+00
2.648970000000000269e+00
2.602328609999999820e+00
2.319855000000000000e+00
2.467894395000000074e+00
2.564373810000000198e+00
2.491633994999999935e+00
2.179424519999999976e+00
2.900399999999999867e+00
2.676219404999999885e+00
2.391147119999999848e+00
2.706128010000000028e+00
2.514733034999999894e+00
2.821789874999999892e+00
2.318301135000000013e+00
2.590776720000000033e+00
2.394205394999999736e+00
2.908252185000000267e+00
2.695724999999999927e+00
2.764764840000000223e+00
2.640554999999999986e+00
2.754855000000000054e+00
2.297164410000000156e+00
2.802866789999999941e+00
2.444475000000000176e+00
2.192201999999999984e+00
2.599863284999999635e+00
2.596095000000000041e+00
2.496719999999999828e+00
2.656217579999999856e+00
2.826540194999999756e+00
2.647835190000000338e+00
2.704544999999999977e+00
2.338830000000000187e+00
2.619042975000000162e+00
2.400464999999999627e+00
2.196819749999999960e+00
2.510739824999999925e+00
2.643050324999999923e+00
2.300279999999999880e+00
2.714339999999999975e+00
2.334794999999999732e+00
2.555349389999999943e+00
2.754842234999999917e+00
2.941047210000000245e+00
2.648831099999999772e+00
2.477689470000000060e+00
2.357249999999999623e+00
2.825835000000000097e+00
2.492519999999999847e+00
2.601555915000000052e+00
2.786038814999999946e+00
2.732632034999999959e+00
2.636711609999999872e+00
2.506289999999999907e+00
2.429669174999999903e+00
2.530917510000000092e+00
2.479200000000000070e+00
2.394340589999999658e+00
2.590070369999999844e+00
2.512732515000000166e+00
2.584954784999999866e+00
2.607143384999999647e+00
2.632959194999999752e+00
2.544900584999999715e+00
2.891047530000000254e+00
2.317654034999999890e+00
2.472085050000000006e+00
2.330144999999999911e+00
2.668784055000000155e+00
2.559685964999999896e+00
2.544165000000000010e+00
2.632950000000000124e+00
2.352684495000000098e+00
2.315568540000000120e+00
2.865330000000000155e+00
2.392844999999999889e+00
2.559375000000000178e+00
2.761034655000000004e+00
2.179965525000000071e+00
2.747219999999999995e+00
2.592254999999999754e+00
2.667994799999999778e+00
2.602327920000000017e+00
2.136084705000000028e+00
2.561609999999999943e+00
2.417901749999999961e+00
2.602665000000000006e+00
2.649989999999999846e+00
2.457030000000000047e+00
2.535779999999999923e+00
2.727315495000000034e+00
2.700455460000000141e+00
2.487480000000000135e+00
2.295182205000000142e+00
2.521047119999999975e+00
2.577863009999999733e+00
2.533612439999999744e+00
2.459793569999999985e+00
2.529178185000000134e+00
2.670503790000000155e+00
2.555369999999999919e+00
2.603429999999999911e+00
2.657588430000000113e+00
2.556971834999999693e+00
2.290537229999999980e+00
2.565239999999999743e+00
2.565030000000000143e+00
2.613061619999999863e+00
2.468320320000000123e+00
2.434889999999999777e+00
2.558000190000000007e+00
2.542905000000000193e+00
2.418150000000000244e+00
2.624970000000000248e+00
2.283287505000000106e+00
2.388534089999999832e+00
2.740464180000000027e+00
2.623509749999999752e+00
2.564051010000000019e+00
2.783240039999999915e+00
2.573213580000000000e+00
2.434410000000000185e+00
2.521965000000000234e+00
2.474818200000000079e+00
2.708490000000000286e+00
2.692400699999999869e+00
2.356491585000000111e+00
2.704604999999999926e+00
2.432274914999999815e+00
2.603580000000000005e+00
2.555043060000000033e+00
2.439490815000000090e+00
2.502839999999999954e+00
2.431828349999999972e+00
2.570742720000000148e+00
2.381384085000000095e+00
2.362410000000000121e+00
2.729601944999999752e+00
2.731724999999999959e+00
2.726985599999999899e+00
2.500693814999999987e+00
2.536099619999999888e+00
2.342880690000000321e+00
2.682297659999999695e+00
2.529466664999999725e+00
2.736210000000000253e+00
2.461878645000000088e+00
2.509349999999999969e+00
2.512274999999999814e+00
2.561625000000000263e+00
2.817809205000000095e+00
2.917319325000000241e+00
2.631060960000000115e+00
2.751184695000000069e+00
2.887318875000000062e+00
2.451226034999999914e+00
2.703677384999999767e+00
2.691280200000000011e+00
2.558295000000000208e+00
2.393683725000000262e+00
1.980519000000000140e+00
2.383580789999999894e+00
2.506705799999999762e+00
2.540515379999999990e+00
2.493030000000000079e+00
2.684625000000000039e+00
2.566688609999999926e+00
2.635272735000000033e+00
2.846894999999999953e+00
2.499060000000000059e+00
2.573565000000000325e+00
2.488938450000000024e+00
2.275980000000000114e+00
2.577293205000000142e+00
2.371028445000000318e+00
2.522370749999999884e+00
2.471852535000000017e+00
2.493463395000000027e+00
2.829104339999999773e+00
2.451373680000000110e+00
2.676525000000000265e+00
2.716547175000000092e+00
2.825999999999999623e+00
2.738624999999999865e+00
2.719719974999999845e+00
2.493468224999999983e+00
2.390932830000000120e+00
2.558849055000000039e+00
2.500619999999999621e+00
2.519549999999999734e+00
2.696773259999999617e+00
2.359897080000000091e+00
2.648555534999999850e+00
2.590277579999999968e+00
2.518552859999999782e+00
2.618114999999999970e+00
2.494556264999999939e+00
2.336968559999999862e+00
2.882671665000000161e+00
2.463105015000000009e+00
2.499341489999999943e+00
2.465695679999999612e+00
2.535840000000000316e+00
2.651850000000000041e+00
2.516863514999999829e+00
2.610367080000000062e+00
2.499829394999999899e+00
2.324429999999999996e+00
2.152096499999999857e+00
2.469524999999999970e+00
2.438609999999999722e+00
2.446542135000000062e+00
2.541409905000000080e+00
2.506127430000000267e+00
2.820350369999999884e+00
2.632463685000000275e+00
2.564612549999999658e+00
2.635627935000000033e+00
2.529357164999999963e+00
2.580718335000000252e+00
2.462324999999999875e+00
2.439710160000000183e+00
2.607885000000000009e+00
2.225544510000000198e+00
2.699370000000000047e+00
2.413716885000000367e+00
2.757283184999999914e+00
2.459531639999999797e+00
2.754339329999999642e+00
2.580030000000000268e+00
2.901561570000000145e+00
2.453209484999999912e+00
2.671099785000000004e+00
2.648882294999999942e+00
2.489953934999999952e+00
2.937570000000000014e+00
2.725017105000000051e+00
2.548484999999999889e+00
2.531442704999999904e+00
2.762709270000000217e+00
2.541235185000000119e+00
2.373416354999999811e+00
2.385815910000000262e+00
2.464280249999999839e+00
2.654778224999999825e+00
2.699231865000000230e+00
2.480457659999999898e+00
2.284485000000000099e+00
2.609129999999999949e+00
2.460045330000000252e+00
2.610644999999999882e+00
2.661810000000000009e+00
2.535763589999999734e+00
2.794407104999999891e+00
2.282919044999999869e+00
2.571372929999999890e+00
2.314474574999999756e+00
2.241443579999999880e+00
2.610288479999999911e+00
2.608552289999999996e+00
2.729309999999999903e+00
2.419740000000000002e+00
2.694016739999999910e+00
2.446575000000000166e+00
2.429685000000000095e+00
2.562813000000000230e+00
2.386986224999999795e+00
2.293314375000000016e+00
2.580180000000000362e+00
2.218118594999999971e+00
2.263896915000000121e+00
2.359686359999999983e+00
2.803365000000000329e+00
2.338938344999999863e+00
2.685788445000000024e+00
2.559542430000000035e+00
2.711400000000000254e+00
2.828609999999999847e+00
2.861563529999999744e+00
2.526558314999999943e+00
2.631661829999999647e+00
2.404259999999999842e+00
2.440418700000000385e+00
2.677894574999999833e+00
2.598001154999999951e+00
2.537009999999999987e+00
2.437962119999999899e+00
2.587501065000000100e+00
2.346074999999999910e+00
2.361853109999999756e+00
2.548009635000000106e+00
2.806639965000000014e+00
2.479084305000000210e+00
2.558673885000000148e+00
2.594576790000000077e+00
2.658300000000000107e+00
2.597529660000000185e+00
2.796511605000000067e+00
2.540760000000000129e+00
2.600639999999999841e+00
2.527874999999999872e+00
2.419995659999999660e+00
2.407305000000000028e+00
2.555604180000000003e+00
2.667528315000000205e+00
2.569919474999999842e+00
2.577839895000000325e+00
2.579277704999999976e+00
2.746939994999999968e+00
2.448229410000000161e+00
2.275830000000000020e+00
2.566485000000000127e+00
2.507234999999999658e+00
2.677424999999999944e+00
2.387339265000000044e+00
2.558082704999999901e+00
2.701109999999999900e+00
2.452520264999999977e+00
2.587957784999999955e+00
2.694889514999999847e+00
2.998744364999999856e+00
2.479556204999999736e+00
2.264225790000000238e+00
2.528878605000000057e+00
2.551017450000000242e+00
2.421832259999999959e+00
2.552552099999999768e+00
2.545347539999999853e+00
2.596907700000000041e+00
2.442481470000000154e+00
2.327505000000000379e+00
2.748070499999999861e+00
2.378519999999999968e+00
2.534125589999999928e+00
2.510141069999999974e+00
2.507902635000000213e+00
2.685719429999999797e+00
2.767156664999999904e+00
2.420122455000000006e+00
2.542634999999999756e+00
2.357543010000000105e+00
2.680102740000000150e+00
2.543085000000000040e+00
2.827964999999999840e+00
2.506910774999999703e+00
2.711069999999999869e+00
2.559167894999999859e+00
2.538585000000000313e+00
3.051666435000000455e+00
2.776067999999999980e+00
2.530710000000000015e+00
2.410260000000000069e+00
2.544585000000000097e+00
2.631284205000000043e+00
2.372880120000000037e+00
2.779620074999999968e+00
2.460901634999999921e+00
2.676512774999999955e+00
2.235118500000000008e+00
2.562783839999999813e+00
2.500507319999999645e+00
2.890435935000000178e+00
2.562973799999999969e+00
2.822372909999999901e+00
2.538749999999999840e+00
2.463320669999999879e+00
2.487314999999999721e+00
2.716030649999999991e+00
2.650514999999999954e+00
2.635966830000000094e+00
2.844622530000000094e+00
2.726457345000000032e+00
2.366249999999999964e+00
2.601704879999999775e+00
2.649792225000000112e+00
2.656165979999999927e+00
2.717559254999999840e+00
2.487812684999999746e+00
2.629885020000000129e+00
2.730395730000000132e+00
2.695205145000000080e+00
2.899249499999999813e+00
2.625036870000000189e+00
2.721320729999999966e+00
2.508981000000000350e+00
2.564288985000000132e+00
2.500203284999999997e+00
2.663514240000000033e+00
2.533879230000000149e+00
2.661599999999999966e+00
2.527229999999999865e+00
2.621013104999999843e+00
2.693733374999999874e+00
2.304840180000000238e+00
2.654480699999999693e+00
2.738614065000000153e+00
2.523509745000000137e+00
2.785080119999999937e+00
2.358734999999999804e+00
2.746908164999999791e+00
2.918164034999999767e+00
2.934152909999999892e+00
2.666279999999999983e+00
2.702820000000000000e+00
2.748407669999999747e+00
2.465541449999999912e+00
2.738889734999999881e+00
2.772822060000000199e+00
2.599776794999999918e+00
2.592714135000000031e+00
2.621237789999999901e+00
2.432160000000000100e+00
2.608140000000000125e+00
2.605529999999999902e+00
2.504506679999999985e+00
2.934765000000000068e+00
2.745492539999999870e+00
2.413739999999999775e+00
2.683349999999999902e+00
2.476536284999999893e+00
2.679689999999999905e+00
2.550166544999999729e+00
2.297950680000000023e+00
2.509120934999999886e+00
2.497589999999999755e+00
2.699352149999999728e+00
2.825780219999999954e+00
2.503649999999999931e+00
2.530357214999999993e+00
2.538959999999999884e+00
2.770521945000000041e+00
2.577525000000000066e+00
2.398784999999999723e+00
2.608109999999999928e+00
2.433430335000000166e+00
2.799303314999999959e+00
2.218106759999999955e+00
2.253045000000000186e+00
2.594523825000000006e+00
2.584680089999999986e+00
2.894684999999999953e+00
2.527095000000000091e+00
2.664304154999999952e+00
2.440544894999999936e+00
2.419595955000000131e+00
2.641125000000000167e+00
2.566307820000000017e+00
2.543351954999999887e+00
2.500433534999999985e+00
2.269728645000000267e+00
2.625533234999999799e+00
2.562459060000000122e+00
2.402304870000000037e+00
2.519190570000000129e+00
2.458385880000000245e+00
2.749179615000000076e+00
2.730637439999999749e+00
2.539064999999999905e+00
2.421626325000000080e+00
2.528956260000000178e+00
2.573205675000000081e+00
2.698529999999999873e+00
2.480975954999999900e+00
2.755332239999999988e+00
2.691188369999999885e+00
2.673354105000000036e+00
2.562338385000000329e+00
2.174856194999999826e+00
2.733137235000000054e+00
2.596412189999999676e+00
2.293519289999999877e+00
2.632965000000000000e+00
2.583526905000000262e+00
2.366295000000000037e+00
2.419881810000000133e+00
2.543037420000000104e+00
2.719300169999999905e+00
2.456699999999999662e+00
2.339305379999999879e+00
2.446558215000000036e+00
2.381952300000000022e+00
2.446917149999999985e+00
2.377125000000000377e+00
2.728647419999999713e+00
2.634870480000000015e+00
2.511490919999999960e+00
2.435916194999999895e+00
2.739412155000000126e+00
2.633910000000000196e+00
2.687372804999999865e+00
2.494312154999999809e+00
2.493704999999999838e+00
2.455470000000000041e+00
2.485211924999999766e+00
2.627744999999999997e+00
2.555159999999999876e+00
2.711799524999999988e+00
2.427436680000000013e+00
2.625376425000000236e+00
2.497555290000000205e+00
2.562150930000000049e+00
2.551209179999999854e+00
2.375621445000000165e+00
2.565274454999999953e+00
2.442614999999999981e+00
2.300625000000000142e+00
2.738070000000000004e+00
2.447950080000000028e+00
2.269924034999999840e+00
2.491290000000000227e+00
2.753834744999999806e+00
2.406821444999999837e+00
2.311956059999999979e+00
2.789783820000000247e+00
2.555250000000000021e+00
2.307238079999999858e+00
2.714145000000000252e+00
2.483594999999999775e+00
2.520299999999999763e+00
2.425106490000000115e+00
2.660072804999999985e+00
2.532250920000000072e+00
2.775840000000000085e+00
2.437694999999999723e+00
2.775044939999999905e+00
2.455633514999999711e+00
2.531234999999999680e+00
2.399610180000000259e+00
2.692059824999999851e+00
2.590634999999999799e+00
2.695491404999999840e+00
2.646644999999999914e+00
2.835291315000000090e+00
2.702029920000000196e+00
2.801274449999999749e+00
2.418614999999999959e+00
2.668005900000000263e+00
2.373593040000000265e+00
2.615337150000000221e+00
2.563025190000000286e+00
2.545230000000000103e+00
2.402085000000000026e+00
2.571270000000000167e+00
2.719994999999999941e+00
2.791485884999999723e+00
2.978010000000000268e+00
2.589675000000000171e+00
2.342025824999999895e+00
2.580367199999999972e+00
2.432896590000000359e+00
2.432535000000000114e+00
2.856927945000000246e+00
2.640177584999999993e+00
2.538190289999999738e+00
2.604270000000000085e+00
2.604540000000000077e+00
2.352357075000000020e+00
2.590678034999999824e+00
2.670112125000000169e+00
2.376674999999999649e+00
2.532076635000000131e+00
2.636413005000000087e+00
2.512376100000000001e+00
2.337629999999999875e+00
2.821950000000000180e+00
2.707946520000000135e+00
2.513100000000000112e+00
2.554079999999999906e+00
2.535727019999999943e+00
2.444909819999999900e+00
2.421841530000000020e+00
2.787470504999999932e+00
2.615565000000000140e+00
2.525540175000000165e+00
2.380770000000000053e+00
2.953427070000000043e+00
2.684692319999999910e+00
2.246970000000000134e+00
2.502489764999999977e+00
2.611724999999999852e+00
2.704771979999999854e+00
2.721156585000000128e+00
2.987709674999999621e+00
2.439775589999999994e+00
2.739707670000000039e+00
2.460392774999999865e+00
2.573805000000000121e+00
2.203311629999999965e+00
2.465415000000000134e+00
2.492294729999999792e+00
2.532359999999999722e+00
2.413159424999999914e+00
2.205682499999999990e+00
2.383140000000000036e+00
2.619951464999999757e+00
2.754791550000000200e+00
2.472477164999999921e+00
2.634870000000000267e+00
2.666923275000000260e+00
2.561625000000000263e+00
2.638137105000000204e+00
2.517438134999999910e+00
2.234596649999999851e+00
2.748282029999999931e+00
2.306040000000000312e+00
2.546640000000000015e+00
2.495668785000000334e+00
2.635754999999999626e+00
2.626528964999999882e+00
2.504129999999999967e+00
2.500992345000000228e+00
2.449033635000000153e+00
2.585657415000000015e+00
2.844359370000000276e+00
2.429475000000000051e+00
2.487091454999999840e+00
2.813155034999999859e+00
2.424702705000000069e+00
2.525625794999999840e+00
2.445104820000000068e+00
2.464364835000000031e+00
2.357924999999999827e+00
2.785573214999999880e+00
2.429851349999999854e+00
2.603297415000000115e+00
2.470970504999999928e+00
2.672372280000000266e+00
2.620400040000000264e+00
2.814304620000000146e+00
2.397368730000000170e+00
2.671094999999999775e+00
2.608801875000000159e+00
2.339027565000000308e+00
2.690280000000000005e+00
2.538441375000000111e+00
2.730554999999999843e+00
2.637088995000000047e+00
2.537144999999999762e+00
2.459140604999999979e+00
2.498207025000000137e+00
2.415531614999999910e+00
2.591436719999999916e+00
2.327081205000000264e+00
2.698324469999999753e+00
2.364411645000000117e+00
2.354279519999999959e+00
2.394989879999999793e+00
2.394178710000000265e+00
2.667266385000000017e+00
2.470381784999999830e+00
2.505102780000000084e+00
2.421405000000000030e+00
2.443306784999999870e+00
2.456226780000000165e+00
2.402595000000000258e+00
2.496674999999999756e+00
2.606879610000000014e+00
2.779415535000000048e+00
2.600805000000000256e+00
2.639129999999999754e+00
2.463191880000000111e+00
2.554706400000000155e+00
2.657480790000000148e+00
2.569788029999999779e+00
2.858859104999999623e+00
2.659394999999999953e+00
2.461962795000000259e+00
2.600579999999999892e+00
2.616360000000000241e+00
2.797155000000000058e+00
2.617034939999999921e+00
2.343389999999999862e+00
2.540897085000000111e+00
2.684624519999999848e+00
2.477793150000000111e+00
2.527185000000000237e+00
2.462204999999999977e+00
2.283021404999999948e+00
2.742135000000000211e+00
2.479455000000000187e+00
2.253120360000000044e+00
2.755730054999999901e+00
2.290175520000000020e+00
2.160648000000000124e+00
2.379970559999999846e+00
2.550674954999999855e+00
2.725245000000000140e+00
2.425948335000000178e+00
2.564684999999999881e+00
2.791574175000000047e+00
2.287152120000000011e+00
2.658956190000000053e+00
2.738634164999999676e+00
2.532817544999999892e+00
2.472389999999999866e+00
2.422431569999999645e+00
2.726166075000000077e+00
2.423919090000000054e+00
2.647735064999999999e+00
