03/20/2024 16:29:27
LT: 60.00

0.3000	    72	0.3000	     0
0.3095	   101	0.3017	     0
0.3189	    89	0.3033	     0
0.3284	   113	0.3050	     0
0.3379	   101	0.3066	     0
0.3474	   100	0.3083	     0
0.3568	   116	0.3100	     0
0.3663	   127	0.3116	     0
0.3758	   118	0.3133	     0
0.3853	   146	0.3149	     0
0.3947	   136	0.3166	     0
0.4042	   147	0.3183	     0
0.4137	   149	0.3199	     0
0.4231	   133	0.3216	     0
0.4326	   145	0.3232	     0
0.4421	   147	0.3249	     0
0.4516	   154	0.3266	     0
0.4610	   147	0.3282	     0
0.4705	   150	0.3299	     0
0.4800	   131	0.3315	     0
0.4895	   160	0.3332	     1
0.4989	   131	0.3349	     0
0.5084	   160	0.3365	     0
0.5179	   124	0.3382	     0
0.5273	   135	0.3398	     0
0.5368	   145	0.3415	     0
0.5463	   117	0.3432	     0
0.5558	   150	0.3448	     0
0.5652	   125	0.3465	     0
0.5747	   127	0.3481	     0
0.5842	   142	0.3498	     0
0.5937	   140	0.3515	     0
0.6031	   144	0.3531	     0
0.6126	   141	0.3548	     0
0.6221	   132	0.3564	     0
0.6315	   125	0.3581	     0
0.6410	   132	0.3598	     0
0.6505	   125	0.3614	     0
0.6600	   129	0.3631	     0
0.6694	   123	0.3647	     0
0.6789	   108	0.3664	     0
0.6884	   104	0.3681	     0
0.6979	   122	0.3697	     0
0.7073	   111	0.3714	     0
0.7168	   118	0.3730	     0
0.7263	   107	0.3747	     0
0.7357	   105	0.3764	     0
0.7452	   115	0.3780	     0
0.7547	    85	0.3797	     0
0.7642	    87	0.3813	     0
0.7736	   113	0.3830	     0
0.7831	   116	0.3847	     0
0.7926	   103	0.3863	     0
0.8021	    94	0.3880	     0
0.8115	    95	0.3896	     0
0.8210	   104	0.3913	     0
0.8305	   116	0.3930	     0
0.8399	    93	0.3946	     0
0.8494	   102	0.3963	     0
0.8589	    98	0.3979	     0
0.8684	   114	0.3996	     0
0.8778	    91	0.4013	     0
0.8873	    87	0.4029	     0
0.8968	   104	0.4046	     0
0.9063	    90	0.4063	     0
0.9157	   104	0.4079	     0
0.9252	    80	0.4096	     1
0.9347	    91	0.4112	     0
0.9441	    98	0.4129	     0
0.9536	    94	0.4146	     0
0.9631	    89	0.4162	     0
0.9726	   106	0.4179	     0
0.9820	    95	0.4195	     0
0.9915	    94	0.4212	     0
1.0010	    92	0.4229	     0
1.0104	    84	0.4245	     0
1.0199	   103	0.4262	     0
1.0294	    89	0.4278	     0
1.0389	    93	0.4295	     0
1.0483	    88	0.4312	     0
1.0578	    67	0.4328	     0
1.0673	    85	0.4345	     0
1.0768	    67	0.4361	     0
1.0862	    65	0.4378	     0
1.0957	    80	0.4395	     0
1.1052	    75	0.4411	     0
1.1146	    72	0.4428	     0
1.1241	    61	0.4444	     0
1.1336	    55	0.4461	     0
1.1431	    65	0.4478	     0
1.1525	    69	0.4494	     0
1.1620	    64	0.4511	     0
1.1715	    66	0.4527	     0
1.1810	    62	0.4544	     0
1.1904	    74	0.4561	     0
1.1999	    57	0.4577	     0
1.2094	    69	0.4594	     0
1.2188	    69	0.4610	     0
1.2283	    72	0.4627	     0
1.2378	    67	0.4644	     0
1.2473	    44	0.4660	     0
1.2567	    68	0.4677	     0
1.2662	    61	0.4693	     0
1.2757	    54	0.4710	     0
1.2852	    57	0.4727	     0
1.2946	    53	0.4743	     0
1.3041	    50	0.4760	     0
1.3136	    53	0.4776	     0
1.3230	    54	0.4793	     0
1.3325	    46	0.4810	     0
1.3420	    55	0.4826	     0
1.3515	    47	0.4843	     0
1.3609	    47	0.4859	     0
1.3704	    50	0.4876	     0
1.3799	    54	0.4893	     0
1.3894	    33	0.4909	     0
1.3988	    44	0.4926	     0
1.4083	    39	0.4942	     0
1.4178	    43	0.4959	     0
1.4272	    39	0.4976	     0
1.4367	    37	0.4992	     0
1.4462	    51	0.5009	     0
1.4557	    47	0.5025	     0
1.4651	    36	0.5042	     0
1.4746	    49	0.5059	     0
1.4841	    37	0.5075	     0
1.4936	    45	0.5092	     0
1.5030	    39	0.5108	     0
1.5125	    37	0.5125	     0
1.5220	    46	0.5142	     0
1.5314	    43	0.5158	     0
1.5409	    43	0.5175	     0
1.5504	    35	0.5191	     0
1.5599	    36	0.5208	     0
1.5693	    30	0.5225	     0
1.5788	    30	0.5241	     0
1.5883	    42	0.5258	     0
1.5978	    34	0.5274	     0
1.6072	    32	0.5291	     0
1.6167	    44	0.5308	     0
1.6262	    33	0.5324	     0
1.6356	    26	0.5341	     0
1.6451	    30	0.5357	     0
1.6546	    29	0.5374	     0
1.6641	    29	0.5391	     0
1.6735	    39	0.5407	     0
1.6830	    48	0.5424	     0
1.6925	    31	0.5440	     0
1.7020	    37	0.5457	     0
1.7114	    38	0.5474	     0
1.7209	    34	0.5490	     0
1.7304	    33	0.5507	     0
1.7398	    44	0.5523	     0
1.7493	    37	0.5540	     0
1.7588	    37	0.5557	     0
1.7683	    35	0.5573	     0
1.7777	    33	0.5590	     0
1.7872	    34	0.5606	     0
1.7967	    28	0.5623	     0
1.8062	    24	0.5640	     0
1.8156	    22	0.5656	     0
1.8251	    24	0.5673	     0
1.8346	    26	0.5689	     0
1.8440	    25	0.5706	     0
1.8535	    30	0.5723	     0
1.8630	    33	0.5739	     0
1.8725	    27	0.5756	     0
1.8819	    22	0.5772	     0
1.8914	    33	0.5789	     0
1.9009	    27	0.5806	     0
1.9104	    25	0.5822	     0
1.9198	    30	0.5839	     0
1.9293	    19	0.5855	     0
1.9388	    31	0.5872	     0
1.9482	    29	0.5889	     0
1.9577	    42	0.5905	     0
1.9672	    26	0.5922	     0
1.9767	    33	0.5938	     0
1.9861	    27	0.5955	     0
1.9956	    37	0.5972	     0
2.0051	    18	0.5988	     0
2.0146	    27	0.6005	     0
2.0240	    20	0.6021	     0
2.0335	    27	0.6038	     0
2.0430	    31	0.6055	     0
2.0524	    19	0.6071	     0
2.0619	    26	0.6088	     0
2.0714	    20	0.6104	     0
2.0809	    27	0.6121	     0
2.0903	    22	0.6138	     0
2.0998	    31	0.6154	     0
2.1093	    16	0.6171	     0
2.1187	    22	0.6187	     0
2.1282	    17	0.6204	     0
2.1377	    22	0.6221	     0
2.1472	    16	0.6237	     0
2.1566	    24	0.6254	     0
2.1661	    25	0.6271	     0
2.1756	    21	0.6287	     0
2.1851	    26	0.6304	     0
2.1945	    22	0.6320	     0
2.2040	    27	0.6337	     0
2.2135	    22	0.6354	     0
2.2229	    19	0.6370	     0
2.2324	    22	0.6387	     0
2.2419	    27	0.6403	     0
2.2514	    13	0.6420	     0
2.2608	    25	0.6437	     0
2.2703	    22	0.6453	     0
2.2798	    10	0.6470	     0
2.2893	    19	0.6486	     0
2.2987	    17	0.6503	     0
2.3082	    16	0.6520	     0
2.3177	    32	0.6536	     0
2.3271	    21	0.6553	     0
2.3366	    13	0.6569	     0
2.3461	    28	0.6586	     0
2.3556	    16	0.6603	     0
2.3650	    14	0.6619	     0
2.3745	    13	0.6636	     0
2.3840	    12	0.6652	     0
2.3935	    22	0.6669	     0
2.4029	    17	0.6686	     0
2.4124	    19	0.6702	     0
2.4219	    10	0.6719	     0
2.4313	    13	0.6735	     0
2.4408	    12	0.6752	     0
2.4503	    13	0.6769	     0
2.4598	    18	0.6785	     0
2.4692	    13	0.6802	     0
2.4787	    15	0.6818	     0
2.4882	    11	0.6835	     0
2.4977	    17	0.6852	     0
2.5071	    13	0.6868	     0
2.5166	    18	0.6885	     0
2.5261	    14	0.6901	     0
2.5355	    11	0.6918	     0
2.5450	    18	0.6935	     0
2.5545	    11	0.6951	     0
2.5640	    16	0.6968	     0
2.5734	    12	0.6984	     0
2.5829	    12	0.7001	     0
2.5924	    13	0.7018	     0
2.6019	    14	0.7034	     0
2.6113	    10	0.7051	     0
2.6208	    15	0.7067	     0
2.6303	    15	0.7084	     0
2.6397	    13	0.7101	     0
2.6492	    18	0.7117	     0
2.6587	    13	0.7134	     0
2.6682	     9	0.7150	     0
2.6776	    19	0.7167	     1
2.6871	    11	0.7184	     0
2.6966	    13	0.7200	     0
2.7061	    20	0.7217	     1
2.7155	    13	0.7233	     0
2.7250	    15	0.7250	     0
2.7345	    10	0.7267	     0
2.7439	    11	0.7283	     0
2.7534	    16	0.7300	     0
2.7629	     8	0.7316	     0
2.7724	     7	0.7333	     0
2.7818	     8	0.7350	     0
2.7913	    16	0.7366	     0
2.8008	    22	0.7383	     0
2.8103	     8	0.7399	     0
2.8197	    11	0.7416	     0
2.8292	    15	0.7433	     0
2.8387	    12	0.7449	     0
2.8481	    14	0.7466	     0
2.8576	    10	0.7482	     0
2.8671	     6	0.7499	     0
2.8766	    16	0.7516	     0
2.8860	    23	0.7532	     0
2.8955	    11	0.7549	     0
2.9050	    17	0.7565	     0
2.9145	    17	0.7582	     0
2.9239	    15	0.7599	     0
2.9334	    27	0.7615	     0
2.9429	    14	0.7632	     0
2.9523	    25	0.7648	     0
2.9618	    18	0.7665	     0
2.9713	    24	0.7682	     0
2.9808	    29	0.7698	     0
2.9902	    31	0.7715	     0
2.9997	    27	0.7731	     0
3.0092	    36	0.7748	     0
3.0187	    38	0.7765	     0
3.0281	    40	0.7781	     0
3.0376	    34	0.7798	     0
3.0471	    37	0.7814	     0
3.0565	    56	0.7831	     0
3.0660	    62	0.7848	     0
3.0755	    70	0.7864	     0
3.0850	    72	0.7881	     0
3.0944	    78	0.7897	     0
3.1039	    75	0.7914	     0
3.1134	    85	0.7931	     0
3.1229	    99	0.7947	     0
3.1323	   111	0.7964	     0
3.1418	   106	0.7980	     0
3.1513	    99	0.7997	     0
3.1607	   101	0.8014	     0
3.1702	   108	0.8030	     0
3.1797	   113	0.8047	     0
3.1892	   100	0.8063	     0
3.1986	   114	0.8080	     0
3.2081	   103	0.8097	     0
3.2176	    99	0.8113	     0
3.2271	    89	0.8130	     0
3.2365	   107	0.8146	     0
3.2460	    78	0.8163	     0
3.2555	    77	0.8180	     0
3.2649	    75	0.8196	     0
3.2744	    56	0.8213	     0
3.2839	    59	0.8229	     0
3.2934	    47	0.8246	     0
3.3028	    45	0.8263	     0
3.3123	    40	0.8279	     0
3.3218	    32	0.8296	     0
3.3312	    34	0.8313	     0
3.3407	    30	0.8329	     0
3.3502	    20	0.8346	     0
3.3597	    15	0.8362	     0
3.3691	    11	0.8379	     0
3.3786	     8	0.8396	     0
3.3881	    15	0.8412	     0
3.3976	    11	0.8429	     0
3.4070	    11	0.8445	     0
3.4165	     8	0.8462	     0
3.4260	     2	0.8479	     0
3.4354	     9	0.8495	     0
3.4449	     8	0.8512	     0
3.4544	    10	0.8528	     0
3.4639	     9	0.8545	     0
3.4733	     8	0.8562	     0
3.4828	     7	0.8578	     0
3.4923	     5	0.8595	     0
3.5018	     1	0.8611	     0
3.5112	     6	0.8628	     0
3.5207	     4	0.8645	     0
3.5302	     9	0.8661	     0
3.5396	     4	0.8678	     0
3.5491	     8	0.8694	     0
3.5586	     4	0.8711	     0
3.5681	     3	0.8728	     0
3.5775	     3	0.8744	     0
3.5870	     7	0.8761	     0
3.5965	     5	0.8777	     0
3.6060	     4	0.8794	     0
3.6154	     8	0.8811	     0
3.6249	     3	0.8827	     0
3.6344	     9	0.8844	     0
3.6438	     9	0.8860	     0
3.6533	     7	0.8877	     0
3.6628	     4	0.8894	     0
3.6723	     8	0.8910	     0
3.6817	     5	0.8927	     0
3.6912	     4	0.8943	     0
3.7007	     6	0.8960	     0
3.7102	     5	0.8977	     0
3.7196	     7	0.8993	     0
3.7291	     7	0.9010	     0
3.7386	     4	0.9026	     0
3.7480	     4	0.9043	     0
3.7575	     6	0.9060	     0
3.7670	     2	0.9076	     0
3.7765	     5	0.9093	     0
3.7859	     5	0.9109	     0
3.7954	     5	0.9126	     0
3.8049	     1	0.9143	     1
3.8144	     3	0.9159	     0
3.8238	     4	0.9176	     0
3.8333	     5	0.9192	     0
3.8428	     8	0.9209	     0
3.8522	     4	0.9226	     0
3.8617	     1	0.9242	     0
3.8712	     2	0.9259	     0
3.8807	     1	0.9275	     0
3.8901	     1	0.9292	     1
3.8996	     4	0.9309	     0
3.9091	     3	0.9325	     0
3.9186	     3	0.9342	     0
3.9280	     6	0.9358	     0
3.9375	     6	0.9375	     0
3.9470	     3	0.9392	     0
3.9564	     3	0.9408	     0
3.9659	     5	0.9425	     0
3.9754	     5	0.9441	     0
3.9849	     5	0.9458	     0
3.9943	     9	0.9475	     0
4.0038	     4	0.9491	     0
4.0133	     4	0.9508	     0
4.0228	     3	0.9524	     0
4.0322	     3	0.9541	     0
4.0417	     5	0.9558	     0
4.0512	     8	0.9574	     0
4.0606	     6	0.9591	     0
4.0701	     2	0.9607	     0
4.0796	     4	0.9624	     0
4.0891	     8	0.9641	     0
4.0985	     4	0.9657	     0
4.1080	     4	0.9674	     0
4.1175	     4	0.9690	     0
4.1270	     4	0.9707	     0
4.1364	     3	0.9724	     0
4.1459	     3	0.9740	     0
4.1554	     1	0.9757	     0
4.1648	     9	0.9773	     0
4.1743	     3	0.9790	     0
4.1838	     2	0.9807	     0
4.1933	     4	0.9823	     0
4.2027	     7	0.9840	     0
4.2122	     4	0.9856	     0
4.2217	     2	0.9873	     0
4.2312	     7	0.9890	     0
4.2406	     3	0.9906	     0
4.2501	     2	0.9923	     0
4.2596	     4	0.9939	     0
4.2690	     6	0.9956	     0
4.2785	     2	0.9973	     0
4.2880	     5	0.9989	     0
4.2975	     5	1.0006	     0
4.3069	     5	1.0022	     0
4.3164	     1	1.0039	     0
4.3259	     4	1.0056	     0
4.3354	     3	1.0072	     0
4.3448	     6	1.0089	     0
4.3543	     6	1.0105	     0
4.3638	     7	1.0122	     0
4.3732	     7	1.0139	     0
4.3827	     6	1.0155	     0
4.3922	     6	1.0172	     0
4.4017	     4	1.0188	     0
4.4111	     2	1.0205	     0
4.4206	     4	1.0222	     0
4.4301	     7	1.0238	     0
4.4396	     6	1.0255	     0
4.4490	     2	1.0271	     0
4.4585	     5	1.0288	     0
4.4680	     2	1.0305	     0
4.4774	     8	1.0321	     0
4.4869	     7	1.0338	     0
4.4964	     3	1.0354	     0
4.5059	     2	1.0371	     0
4.5153	     3	1.0388	     0
4.5248	     4	1.0404	     0
4.5343	     7	1.0421	     0
4.5437	     1	1.0438	     0
4.5532	     7	1.0454	     0
4.5627	     4	1.0471	     0
4.5722	     3	1.0487	     0
4.5816	     8	1.0504	     0
4.5911	     6	1.0521	     0
4.6006	     4	1.0537	     0
4.6101	     3	1.0554	     0
4.6195	     7	1.0570	     0
4.6290	     4	1.0587	     0
4.6385	     2	1.0604	     0
4.6479	     4	1.0620	     0
4.6574	     2	1.0637	     0
4.6669	     6	1.0653	     0
4.6764	     2	1.0670	     0
4.6858	     3	1.0687	     0
4.6953	     7	1.0703	     0
4.7048	     3	1.0720	     0
4.7143	     4	1.0736	     0
4.7237	     6	1.0753	     0
4.7332	     4	1.0770	     0
4.7427	     5	1.0786	     0
4.7521	     5	1.0803	     0
4.7616	     3	1.0819	     0
4.7711	     6	1.0836	     0
4.7806	     5	1.0853	     0
4.7900	     2	1.0869	     0
4.7995	     2	1.0886	     1
4.8090	     0	1.0902	     0
4.8185	     3	1.0919	     0
4.8279	     0	1.0936	     0
4.8374	     5	1.0952	     0
4.8469	     3	1.0969	     0
4.8563	     4	1.0985	     0
4.8658	     1	1.1002	     0
4.8753	     5	1.1019	     0
4.8848	     1	1.1035	     0
4.8942	     6	1.1052	     0
4.9037	     4	1.1068	     0
4.9132	     6	1.1085	     0
4.9227	     3	1.1102	     0
4.9321	     5	1.1118	     0
4.9416	     6	1.1135	     0
4.9511	     6	1.1151	     0
4.9605	     3	1.1168	     0
4.9700	     4	1.1185	     0
4.9795	     5	1.1201	     0
4.9890	     5	1.1218	     0
4.9984	     4	1.1234	     0
5.0079	     4	1.1251	     0
5.0174	     3	1.1268	     0
5.0269	     3	1.1284	     0
5.0363	     8	1.1301	     0
5.0458	     4	1.1317	     0
5.0553	     4	1.1334	     0
5.0647	     2	1.1351	     0
5.0742	     3	1.1367	     0
5.0837	     4	1.1384	     0
5.0932	     6	1.1400	     0
5.1026	     9	1.1417	     0
5.1121	     4	1.1434	     0
5.1216	     3	1.1450	     0
5.1311	     5	1.1467	     0
5.1405	     4	1.1483	     0
5.1500	     2	1.1500	     0
5.1595	     5	1.1517	     0
5.1689	     6	1.1533	     0
5.1784	     2	1.1550	     0
5.1879	     4	1.1566	     0
5.1974	     1	1.1583	     0
5.2068	     4	1.1600	     0
5.2163	     2	1.1616	     0
5.2258	     2	1.1633	     0
5.2353	     2	1.1649	     0
5.2447	     6	1.1666	     0
5.2542	     4	1.1683	     0
5.2637	     0	1.1699	     0
5.2731	     1	1.1716	     0
5.2826	     1	1.1732	     1
5.2921	     1	1.1749	     0
5.3016	     4	1.1766	     0
5.3110	     3	1.1782	     0
5.3205	     1	1.1799	     0
5.3300	     7	1.1815	     0
5.3395	     5	1.1832	     0
5.3489	     2	1.1849	     0
5.3584	     3	1.1865	     0
5.3679	     1	1.1882	     0
5.3773	     3	1.1898	     0
5.3868	     6	1.1915	     0
5.3963	     2	1.1932	     0
5.4058	     3	1.1948	     0
5.4152	     5	1.1965	     0
5.4247	     7	1.1981	     0
5.4342	     4	1.1998	     0
5.4437	     2	1.2015	     0
5.4531	     3	1.2031	     0
5.4626	     1	1.2048	     0
5.4721	     4	1.2064	     0
5.4815	     5	1.2081	     0
5.4910	     4	1.2098	     0
5.5005	     6	1.2114	     0
5.5100	     2	1.2131	     0
5.5194	     5	1.2147	     0
5.5289	     7	1.2164	     0
5.5384	     3	1.2181	     0
5.5479	     7	1.2197	     0
5.5573	     2	1.2214	     0
5.5668	     7	1.2230	     0
5.5763	     7	1.2247	     0
5.5857	     8	1.2264	     0
5.5952	     7	1.2280	     0
5.6047	     3	1.2297	     0
5.6142	     7	1.2313	     0
5.6236	     2	1.2330	     0
5.6331	    10	1.2347	     0
5.6426	    11	1.2363	     0
5.6521	    19	1.2380	     0
5.6615	    11	1.2396	     0
5.6710	    11	1.2413	     0
5.6805	    18	1.2430	     0
5.6899	    19	1.2446	     0
5.6994	    21	1.2463	     0
5.7089	    26	1.2479	     0
5.7184	    35	1.2496	     0
5.7278	    32	1.2513	     0
5.7373	    40	1.2529	     0
5.7468	    31	1.2546	     0
5.7562	    30	1.2562	     0
5.7657	    20	1.2579	     0
5.7752	    13	1.2596	     0
5.7847	    16	1.2612	     0
5.7941	     8	1.2629	     0
5.8036	    11	1.2646	     0
5.8131	     7	1.2662	     0
5.8226	     6	1.2679	     0
5.8320	     4	1.2695	     0
5.8415	     3	1.2712	     0
5.8510	     3	1.2729	     0
5.8604	     4	1.2745	     0
5.8699	     8	1.2762	     0
5.8794	    13	1.2778	     0
5.8889	    11	1.2795	     0
5.8983	     9	1.2812	     0
5.9078	     7	1.2828	     0
5.9173	    14	1.2845	     0
5.9268	     2	1.2861	     0
5.9362	     2	1.2878	     0
5.9457	     1	1.2895	     0
5.9552	     1	1.2911	     0
5.9646	     5	1.2928	     0
5.9741	     4	1.2944	     0
5.9836	     6	1.2961	     0
5.9931	     9	1.2978	     0
6.0025	     6	1.2994	     0
6.0120	    10	1.3011	     0
6.0215	     5	1.3027	     0
6.0310	     8	1.3044	     0
6.0404	     4	1.3061	     0
6.0499	    10	1.3077	     0
6.0594	     7	1.3094	     0
6.0688	     4	1.3110	     1
6.0783	     8	1.3127	     0
6.0878	     9	1.3144	     0
6.0973	    12	1.3160	     0
6.1067	     9	1.3177	     0
6.1162	    10	1.3193	     0
6.1257	     7	1.3210	     0
6.1352	     5	1.3227	     0
6.1446	     0	1.3243	     0
6.1541	     1	1.3260	     0
6.1636	     0	1.3276	     0
6.1730	     0	1.3293	     0
6.1825	     0	1.3310	     0
6.1920	     0	1.3326	     0
6.2015	     0	1.3343	     0
6.2109	     0	1.3359	     0
6.2204	     0	1.3376	     0
6.2299	     0	1.3393	     0
6.2394	     0	1.3409	     0
6.2488	     0	1.3426	     0
6.2583	     0	1.3442	     0
6.2678	     0	1.3459	     0
6.2772	     0	1.3476	     0
6.2867	     0	1.3492	     0
6.2962	     0	1.3509	     0
6.3057	     0	1.3525	     0
6.3151	     0	1.3542	     0
6.3246	     0	1.3559	     0
6.3341	     0	1.3575	     0
6.3436	     0	1.3592	     0
6.3530	     0	1.3608	     0
6.3625	     0	1.3625	     0
6.3720	     0	1.3642	     0
6.3814	     0	1.3658	     0
6.3909	     0	1.3675	     0
6.4004	     0	1.3691	     0
6.4099	     0	1.3708	     0
6.4193	     0	1.3725	     0
6.4288	     0	1.3741	     0
6.4383	     0	1.3758	     0
6.4478	     0	1.3774	     0
6.4572	     0	1.3791	     0
6.4667	     0	1.3808	     0
6.4762	     0	1.3824	     0
6.4856	     0	1.3841	     0
6.4951	     0	1.3857	     0
6.5046	     0	1.3874	     0
6.5141	     0	1.3891	     0
6.5235	     0	1.3907	     0
6.5330	     0	1.3924	     0
6.5425	     0	1.3940	     0
6.5520	     0	1.3957	     0
6.5614	     0	1.3974	     0
6.5709	     0	1.3990	     0
6.5804	     0	1.4007	     0
6.5898	     0	1.4023	     0
6.5993	     0	1.4040	     0
6.6088	     0	1.4057	     0
6.6183	     0	1.4073	     0
6.6277	     0	1.4090	     0
6.6372	     0	1.4106	     0
6.6467	     0	1.4123	     0
6.6562	     0	1.4140	     0
6.6656	     0	1.4156	     0
6.6751	     0	1.4173	     0
6.6846	     0	1.4189	     0
6.6940	     0	1.4206	     0
6.7035	     0	1.4223	     0
6.7130	     0	1.4239	     0
6.7225	     0	1.4256	     0
6.7319	     0	1.4272	     0
6.7414	     0	1.4289	     0
6.7509	     0	1.4306	     0
6.7604	     0	1.4322	     0
6.7698	     0	1.4339	     0
6.7793	     0	1.4355	     0
6.7888	     0	1.4372	     0
6.7982	     0	1.4389	     0
6.8077	     0	1.4405	     0
6.8172	     0	1.4422	     0
6.8267	     0	1.4438	     0
6.8361	     0	1.4455	     0
6.8456	     0	1.4472	     0
6.8551	     0	1.4488	     0
6.8646	     0	1.4505	     0
6.8740	     0	1.4521	     0
6.8835	     0	1.4538	     0
6.8930	     0	1.4555	     0
6.9024	     0	1.4571	     0
6.9119	     0	1.4588	     0
6.9214	     0	1.4604	     0
6.9309	     0	1.4621	     0
6.9403	     0	1.4638	     0
6.9498	     0	1.4654	     0
6.9593	     0	1.4671	     0
6.9687	     0	1.4688	     0
6.9782	     0	1.4704	     0
6.9877	     0	1.4721	     0
6.9972	     0	1.4737	     0
7.0066	     0	1.4754	     0
7.0161	     0	1.4771	     0
7.0256	     0	1.4787	     0
7.0351	     0	1.4804	     0
7.0445	     0	1.4820	     0
7.0540	     0	1.4837	     0
7.0635	     0	1.4854	     0
7.0729	     0	1.4870	     0
7.0824	     0	1.4887	     0
7.0919	     0	1.4903	     0
7.1014	     0	1.4920	     0
7.1108	     0	1.4937	     0
7.1203	     0	1.4953	     0
7.1298	     0	1.4970	     0
7.1393	     0	1.4986	     0
7.1487	     0	1.5003	     0
7.1582	     0	1.5020	     0
7.1677	     0	1.5036	     0
7.1771	     0	1.5053	     0
7.1866	     0	1.5069	     0
7.1961	     0	1.5086	     0
7.2056	     0	1.5103	     0
7.2150	     0	1.5119	     0
7.2245	     0	1.5136	     0
7.2340	     0	1.5152	     0
7.2435	     0	1.5169	     0
7.2529	     0	1.5186	     0
7.2624	     0	1.5202	     0
7.2719	     0	1.5219	     0
7.2813	     0	1.5235	     0
7.2908	     0	1.5252	     0
7.3003	     0	1.5269	     0
7.3098	     0	1.5285	     0
7.3192	     0	1.5302	     0
7.3287	     0	1.5318	     0
7.3382	     0	1.5335	     0
7.3477	     0	1.5352	     0
7.3571	     0	1.5368	     0
7.3666	     0	1.5385	     0
7.3761	     0	1.5401	     0
7.3855	     0	1.5418	     0
7.3950	     0	1.5435	     0
7.4045	     0	1.5451	     0
7.4140	     0	1.5468	     0
7.4234	     0	1.5484	     0
7.4329	     0	1.5501	     0
7.4424	     0	1.5518	     0
7.4519	     0	1.5534	     0
7.4613	     0	1.5551	     0
7.4708	     0	1.5567	     0
7.4803	     0	1.5584	     0
7.4897	     0	1.5601	     0
7.4992	     0	1.5617	     0
7.5087	     0	1.5634	     0
7.5182	     0	1.5650	     0
7.5276	     0	1.5667	     0
7.5371	     0	1.5684	     0
7.5466	     0	1.5700	     0
7.5561	     0	1.5717	     0
7.5655	     0	1.5733	     0
7.5750	     0	1.5750	     0
7.5845	     0	1.5767	     0
7.5939	     0	1.5783	     0
7.6034	     0	1.5800	     0
7.6129	     0	1.5816	     0
7.6224	     0	1.5833	     0
7.6318	     0	1.5850	     0
7.6413	     0	1.5866	     0
7.6508	     0	1.5883	     0
7.6603	     0	1.5899	     0
7.6697	     0	1.5916	     0
7.6792	     0	1.5933	     0
7.6887	     0	1.5949	     0
7.6981	     0	1.5966	     0
7.7076	     0	1.5982	     0
7.7171	     0	1.5999	     0
7.7266	     0	1.6016	     0
7.7360	     0	1.6032	     0
7.7455	     0	1.6049	     0
7.7550	     0	1.6065	     0
7.7645	     0	1.6082	     0
7.7739	     0	1.6099	     0
7.7834	     0	1.6115	     0
7.7929	     0	1.6132	     0
7.8023	     0	1.6148	     0
7.8118	     0	1.6165	     0
7.8213	     0	1.6182	     0
7.8308	     0	1.6198	     0
7.8402	     0	1.6215	     1
7.8497	     0	1.6231	     0
7.8592	     0	1.6248	     0
7.8687	     0	1.6265	     0
7.8781	     0	1.6281	     0
7.8876	     0	1.6298	     0
7.8971	     0	1.6314	     0
7.9065	     0	1.6331	     0
7.9160	     0	1.6348	     0
7.9255	     0	1.6364	     0
7.9350	     0	1.6381	     0
7.9444	     0	1.6397	     0
7.9539	     0	1.6414	     0
7.9634	     0	1.6431	     0
7.9729	     0	1.6447	     0
7.9823	     0	1.6464	     0
7.9918	     0	1.6480	     0
8.0013	     0	1.6497	     0
8.0107	     0	1.6514	     0
8.0202	     0	1.6530	     0
8.0297	     0	1.6547	     0
8.0392	     0	1.6563	     0
8.0486	     0	1.6580	     0
8.0581	     0	1.6597	     0
8.0676	     0	1.6613	     0
8.0771	     0	1.6630	     0
8.0865	     0	1.6646	     0
8.0960	     0	1.6663	     0
8.1055	     0	1.6680	     0
8.1149	     0	1.6696	     0
8.1244	     0	1.6713	     0
8.1339	     0	1.6729	     0
8.1434	     0	1.6746	     0
8.1528	     0	1.6763	     0
8.1623	     0	1.6779	     0
8.1718	     0	1.6796	     0
8.1813	     0	1.6812	     0
8.1907	     0	1.6829	     0
8.2002	     0	1.6846	     0
8.2097	     0	1.6862	     0
8.2191	     0	1.6879	     0
8.2286	     0	1.6896	     0
8.2381	     0	1.6912	     0
8.2476	     0	1.6929	     0
8.2570	     0	1.6945	     0
8.2665	     0	1.6962	     0
8.2760	     0	1.6979	     0
8.2854	     0	1.6995	     0
8.2949	     0	1.7012	     0
8.3044	     0	1.7028	     0
8.3139	     0	1.7045	     0
8.3233	     0	1.7062	     0
8.3328	     0	1.7078	     0
8.3423	     0	1.7095	     0
8.3518	     0	1.7111	     0
8.3612	     0	1.7128	     0
8.3707	     0	1.7145	     0
8.3802	     0	1.7161	     0
8.3896	     0	1.7178	     0
8.3991	     0	1.7194	     0
8.4086	     0	1.7211	     0
8.4181	     0	1.7228	     0
8.4275	     0	1.7244	     0
8.4370	     0	1.7261	     0
8.4465	     0	1.7277	     0
8.4560	     0	1.7294	     0
8.4654	     0	1.7311	     0
8.4749	     0	1.7327	     0
8.4844	     0	1.7344	     0
8.4938	     0	1.7360	     0
8.5033	     0	1.7377	     0
8.5128	     0	1.7394	     0
8.5223	     0	1.7410	     0
8.5317	     0	1.7427	     0
8.5412	     0	1.7443	     0
8.5507	     0	1.7460	     0
8.5602	     0	1.7477	     0
8.5696	     0	1.7493	     0
8.5791	     0	1.7510	     0
8.5886	     0	1.7526	     0
8.5980	     0	1.7543	     0
8.6075	     0	1.7560	     0
8.6170	     0	1.7576	     0
8.6265	     0	1.7593	     0
8.6359	     0	1.7609	     0
8.6454	     0	1.7626	     0
8.6549	     0	1.7643	     0
8.6644	     0	1.7659	     0
8.6738	     0	1.7676	     0
8.6833	     0	1.7692	     0
8.6928	     0	1.7709	     0
8.7022	     0	1.7726	     0
8.7117	     0	1.7742	     0
8.7212	     0	1.7759	     0
8.7307	     0	1.7775	     0
8.7401	     0	1.7792	     0
8.7496	     0	1.7809	     0
8.7591	     0	1.7825	     0
8.7686	     0	1.7842	     0
8.7780	     0	1.7858	     0
8.7875	     0	1.7875	     0
8.7970	     0	1.7892	     0
8.8064	     0	1.7908	     0
8.8159	     0	1.7925	     0
8.8254	     0	1.7941	     0
8.8349	     0	1.7958	     0
8.8443	     0	1.7975	     0
8.8538	     0	1.7991	     0
8.8633	     0	1.8008	     0
8.8728	     0	1.8024	     0
8.8822	     0	1.8041	     0
8.8917	     0	1.8058	     0
8.9012	     0	1.8074	     0
8.9106	     0	1.8091	     0
8.9201	     0	1.8107	     0
8.9296	     0	1.8124	     0
8.9391	     0	1.8141	     0
8.9485	     0	1.8157	     0
8.9580	     0	1.8174	     0
8.9675	     0	1.8190	     0
8.9770	     0	1.8207	     0
8.9864	     0	1.8224	     0
8.9959	     0	1.8240	     0
9.0054	     0	1.8257	     0
9.0148	     0	1.8273	     0
9.0243	     0	1.8290	     0
9.0338	     0	1.8307	     0
9.0433	     0	1.8323	     0
9.0527	     0	1.8340	     0
9.0622	     0	1.8356	     0
9.0717	     0	1.8373	     0
9.0812	     0	1.8390	     0
9.0906	     0	1.8406	     0
9.1001	     0	1.8423	     0
9.1096	     0	1.8439	     0
9.1190	     0	1.8456	     0
9.1285	     0	1.8473	     0
9.1380	     0	1.8489	     0
9.1475	     0	1.8506	     0
9.1569	     0	1.8522	     0
9.1664	     0	1.8539	     0
9.1759	     0	1.8556	     0
9.1854	     0	1.8572	     0
9.1948	     0	1.8589	     0
9.2043	     0	1.8605	     0
9.2138	     0	1.8622	     0
9.2232	     0	1.8639	     0
9.2327	     0	1.8655	     0
9.2422	     0	1.8672	     0
9.2517	     0	1.8688	     0
9.2611	     0	1.8705	     0
9.2706	     0	1.8722	     0
9.2801	     0	1.8738	     0
9.2896	     0	1.8755	     0
9.2990	     0	1.8771	     0
9.3085	     0	1.8788	     0
9.3180	     0	1.8805	     0
9.3274	     0	1.8821	     0
9.3369	     0	1.8838	     0
9.3464	     0	1.8854	     0
9.3559	     0	1.8871	     0
9.3653	     0	1.8888	     0
9.3748	     0	1.8904	     0
9.3843	     0	1.8921	     0
9.3938	     0	1.8938	     0
9.4032	     0	1.8954	     0
9.4127	     0	1.8971	     0
9.4222	     0	1.8987	     0
9.4316	     0	1.9004	     0
9.4411	     0	1.9021	     0
9.4506	     0	1.9037	     0
9.4601	     0	1.9054	     0
9.4695	     0	1.9070	     0
9.4790	     0	1.9087	     0
9.4885	     0	1.9104	     0
9.4979	     0	1.9120	     0
9.5074	     0	1.9137	     0
9.5169	     0	1.9153	     0
9.5264	     0	1.9170	     0
9.5358	     0	1.9187	     0
9.5453	     0	1.9203	     0
9.5548	     0	1.9220	     0
9.5643	     0	1.9236	     0
9.5737	     0	1.9253	     0
9.5832	     0	1.9270	     0
9.5927	     0	1.9286	     0
9.6021	     0	1.9303	     0
9.6116	     0	1.9319	     0
9.6211	     0	1.9336	     0
9.6306	     0	1.9353	     0
9.6400	     0	1.9369	     0
9.6495	     0	1.9386	     0
9.6590	     0	1.9402	     0
9.6685	     0	1.9419	     0
9.6779	     0	1.9436	     0
9.6874	     0	1.9452	     0
9.6969	     0	1.9469	     0
9.7063	     0	1.9485	     0
9.7158	     0	1.9502	     0
9.7253	     0	1.9519	     0
9.7348	     0	1.9535	     0
9.7442	     0	1.9552	     0
9.7537	     0	1.9568	     0
9.7632	     0	1.9585	     0
9.7727	     0	1.9602	     0
9.7821	     0	1.9618	     0
9.7916	     0	1.9635	     0
9.8011	     0	1.9651	     0
9.8105	     0	1.9668	     0
9.8200	     0	1.9685	     0
9.8295	     0	1.9701	     0
9.8390	     0	1.9718	     0
9.8484	     0	1.9734	     0
9.8579	     0	1.9751	     0
9.8674	     0	1.9768	     0
9.8769	     0	1.9784	     0
9.8863	     0	1.9801	     0
9.8958	     0	1.9817	     0
9.9053	     0	1.9834	     0
9.9147	     0	1.9851	     0
9.9242	     0	1.9867	     0
9.9337	     0	1.9884	     0
9.9432	     0	1.9900	     0
9.9526	     0	1.9917	     0
9.9621	     0	1.9934	     0
9.9716	     0	1.9950	     0
9.9811	     0	1.9967	     0
9.9905	     0	1.9983	     0
